100
98
99
97
99
98
98
97
101
96
100
100
99
98
98
99
98
98
100
100
101
99
100
99
99
98
102
96
98
102
101
100
98
98
97
98
100
98
100
97
99
103
98
100
96
98
97
99
99
100
99
102
101
101
98
103
100
96
98
99
96
99
102
104
100
100
96
100
100
98
98
100
100
100
99
99
99
100
98
96
104
99
98
100
101
100
97
99
99
99
99
99
100
100
101
98
101
99
99
98
102
102
100
99
97
103
98
101
97
98
97
99
98
98
98
99
98
100
99
99
97
99
100
97
98
99
98
96
99
98
100
98
99
101
99
98
100
98
99
99
97
98
98
100
99
100
101
100
97
97
99
101
98
100
97
101
100
99
97
97
100
99
100
102
98
102
99
99
100
101
100
99
98
100
98
97
98
98
99
100
102
102
96
99
98
102
100
100
99
101
96
99
100
99
98
98
98
96
98
97
99
102
99
99
99
101
98
99
100
98
101
99
97
102
102
98
102
102
100
96
99
97
99
101
99
98
97
98
100
103
101
100
97
102
